$ANSIBLE_VAULT;1.1;AES256
30376261393566356336376532316330653539393365316462376337343433373639356665376131
3430356633333166623961626531313833363833636666300a343033373062343963626262366632
33646361376663663139653031633761626338663961636633366565653664336161393032303164
6162633631356664650a313963306633363466353865643136633933333461376563303439666139
34336538613361313462623632366638313661393238646339303835306235626536363534363965
33633330646662383932336239633731383934313033366462303262323363643230346337343734
61346433623437616265373839353830383239353735363632643832643663386535396637316165
32336630376538346233336464353562643335666230326366336133613565346363623032336539
32346239323461336234383034636638316361373135316363656232626565336465636338313532
65373662633039383565316466346263383433303533376663633038373536323335386266393263
66366233333036643361656139633631366136303038336466626234633730646335303266306463
38346265363665373465353737333662346261303137633237346165353366653333373136346635
31633230366338393836366130316434333530356361393564616464656564363164623234666562
37356239313766636265383561343433376564373966633837313831336535323963623263326539
64613863653537643934326162626134376230326232393135346539626134386535653262613365
61376536326135663438623435333036393465646438663037396139306666666364643437346435
30636435343734636238656539383063643938363334343534363434613335316362393761303531
3938623664663965656437353032633166656131316365333130
