$ANSIBLE_VAULT;1.1;AES256
39633532373663373665343739376563353133373132643730653164383863363666613937366537
6361323561316463383764383432343338653631656336310a363335333732363462323439333032
37356463303636646365353836326337633134393661353266333434396432313264396534373234
3966623338393130320a393738376262663038343634343238313832313665383138356364333036
61613735306566613538396536383835383431386330303037623438623039653038383361313237
36316263323731323833643837653130393237653262386234383434373030346633386638303433
61343763613238306437323362633563303563313733386630616339313165663861386465303935
38393635383030356166373064373765333533366232623566343835303564303734663132323436
61623033343134666630313566343137313832316566643835646132626262323830366431656330
31326663373737653431393937373563373130383065633436643766373335313964353032656138
36313038353239633163326462666136653239356433373130613163336165323938376234613466
39393163306234336365663632326465383937313265323763373138373133323563356465633534
61663237633631383863313661303830363465623837373964383565343164306431313165363631
30396131313237316661656230613833383436306139613033633062323334346464623632346136
32313531306663613066636232653264393664626536643230626665646666656235336333373763
65613866663832383266353535396366616364323838626164636536313232383863626661643264
35653632616363656437326462663662663362646135646166646438623333313466306438666331
62326336356436366234303761643330363037356336353832333333653366613965623139356362
62303361373964633564656561613166653930343435623334313864353363306463363138346262
63656261366338343763373663363364613439363632313539323833376264396262373132653435
36373638313631613566313935646134633031623766663361613164633533616339313265666265
34646536316633373961313033323734666638643636313137653739336635303166623332396663
62353339386331306264386564306535386136363164353130626235656332643235393837343636
62633262336635303530353334626138336537333832393532383037616134646635636534623534
34373063303634323933326363366438663866303262343532323834323166623263653438666531
62363733306430393262333838623366313038336464663435373836343635666663343137313832
35323832653132336635646635326165323834313730623832373138316163356535393835383939
65623561313764656565303534366539643931643137313632643436303233343735303733396638
30346364653032346664643065656565393439393366343830383162633539303061366230653734
34376366633636666664623433316565633733346661666464633634386130616362303231303664
34373938343561343062663939363665353565343038663230663435623334653636396232633365
32333133643832393164613336343864396430643931326139653962616631353630336636616138
31373266646332383034386136383835616666613363666134643764303131366239363939393463
34393865396661323537373063343239666266343266626361343831653437343435333734353634
34613063373865393761343035353063376336613731383664373633393837333735633239336136
38633662663263656664363964376564666239326230646231316463306439653838383435313935
62343235663838643863636462333566323031383830623665366463303562336365313236323833
32663032383636323065613935626332313065343130316333353731353864366237663764383562
33306562393738386161303863313032396538613733646132643636633735356265363966313538
35363135653265333536376364383830333732343732343135353237316361646566316433666234
37636266643162366465393238333539333336343666313464643065626431636533646564353432
35333034343263353061303031633261636662653464613663633630363135393132333765336439
63333464663232633563643735666565346666326431373639303235633765383564383336643436
62313135313464306461346534636266343932643035663837303335376333303766613930323164
65643262626431646430383531353835626134313464306663653833396162333036626534393136
39623732613965353965636639613766376538663064663062393736393665646633663535393466
30313634396537366365333763636234333863343064306465643433303666653031363337636134
64373163386136316134636132393763643562333039393866323238373531373736646234633930
35393832623930346439333266363264623535353837356335613939333733303730663766633864
61373837336661323035356439633866663638613566316132323933376531636466313938646566
65393666666564636261636362396266373132393931393161343139663035323866623635316531
39623461666264386436373430373838313364386465393162356461656561373662303536356139
38326335313661363132616632393632343130663766303337356366303735366435643065336264
62646636303935323964306536356338326338363361366631326537306563613865663436396430
66626163393430376532373035666232333164336463656365653232646139626661373931643366
33653663613036666361616131313236643538383533623732363633306535353466393163656535
35373361663261353963383530653833643339633361623430653464316433616635356564383736
64306364383565363936646662326633646636336661386136306630633135336637393638373966
39383062363639356633383439356232306361646465623361336633383261316338396263306139
36313035666664326332663163313764653135333036376463623865663837346438336666646536
35373637323930346236626331396263356638623535326363613464646265363033386433346232
39616232643833626431613831366539653762623738323762633633363130323031313538653663
36313962646338333135656265323862646537383463613039663633373461306461313532323237
32313237303364313933633466313430633037346661613731366464623563386436333865393831
66326266623733323965323463333534626436646166336564303532373162303661363739373366
39313662313939656635656230383364366230386636373363373339323439343562623636663738
63353033643433303830303131336662363738663631323362323866363635336137366431663636
31656263633637376533633066633463366633323039316437326563333163643362663662303464
39333563616565653935316166383839336136656366643966383365333835313239613761613132
37326236666238353738326566636137613939666562633061333261326636353330613031396336
39383965373865653232623165303636333765636238366632656131666565313331323530346135
39616564663939383535366233346434653538636431666261386438656637633735643536666262
64363432626231636236636535303031393635646564643662666339313635386231303064333561
38383239313731303132383830656339633431643632373463643630383030326636653434643361
38363062373330633864326564306335393431353063666363363635666332646337376637353464
39663837313533396333356434663066646535323732643862653838336161373332323632386163
38633266643130333138656232663438333436363136656132636562373061353963326234396463
63343462386263653661373765376439356337346362623163393539353961316535343138326132
35363335633634393562363935626137623930363733336563633237623663643964366134343732
33363261626466633365336165643930303831636338666134383230613932326538366137643139
38623663663934353737616339613464613532313061363265376265613039376238636364313937
36323537623761623136363130653136306465346165613935616131633239306531666566663834
37393932333866623166643836393236653063653166376466613633383662333866316266326430
62353463373562383432393536623163366638663234633064353131313062393035333661386666
33306633663831313131386135613132313838303766316238643832626534386265346364626535
31326263356135613734386165383236313363363435316433303266626264353531616437346338
63313962336236626536626434343031666666363736316239356666643062336663383435373438
32356434363230656165306562393664633536663336663565383963333935376562326134316461
34336264353533316666646434663233626531323430636535373034363136396633633964633730
35376135366138336233383830646536343938333439316561353566656130613235386133303938
65396630663834363563373430306134643630313138653366323664303435613335336333613331
62376665373665376532623165386631333233633862363236643664316338356666336639346566
3163
