$ANSIBLE_VAULT;1.1;AES256
65376164366330353232623436313362343539633231393834303666636530386462343663623333
3666643838616263393034333438333433646330333330350a616166663437623537613939656139
37633030643433633638633164636637373130336266383465346536316632643130663532363865
6335303636613162610a663665366637643666636230393463626431346332393631656462393339
32616534316535643138363937366336366364343166343531306431303431316235653137616635
32636266313035633235656232306165336666366164376632313138373739303133646635323831
66386165313166666630653936656463643838616664623962373039633938376135313139373735
34313833376134326431316566383735623239303139396131396633616437343066303230656632
39313232633132373238373661316236303764613362626536383835363835656137386431396131
64323335343062343338303631653535656465356532366630663362346666663131313832616564
38613034303262656430326535616531623234393862626436633765646163346332653631653533
61313330326439393836636461656132336233626433306631636336626537626166653663623462
32373164653264373464383066383764313531623131613337336230643665303734366332373930
66666566373038316233653930303631663834646162316335663866366265393837396661303662
353066393330386666393265666630643366
