$ANSIBLE_VAULT;1.1;AES256
33333135323761636666646266373462613764353562353865333932366435306331613962303039
6263663531356665636362663735336462633736323663380a366132333063353332616263343061
34396437613432653736343532636663383739333432666635373736336665323466363934313463
6361663163626333360a313563313166393931333838313964326161306338366331383031653162
63396338333436353631633063326463396565313733623935316237613263656435393039353436
64343839613432363631326633313262316131646462306631336366386263396564313131393239
64386562663738626462396465616637353436393865353965633638313839666436343064626438
66373161623331653766623561393963353362376337323262653731336634346333613236623736
37303866623166613030383664666662313235386362663530643330643231386363306630336563
32363637313564336530356464656438646333393964623962366263366533323931323339613662
33306365306539643265393138313637373863363431643937323631656635383135386664383135
35393436323133306631306134653531373061643661373866363261633037346164633036333438
31323765333938326361333961316163663535376236616435353438326530306464356661396466
65386365383263313766626434303136643431613235623961386338643935653833326464653835
39616335383264393363363334616665333430353432653233663937333831353733353263616566
30323233313165383562393031386666303338356133333763326266656163386563643861653835
6530
