$ANSIBLE_VAULT;1.1;AES256
62343835623834366335616132656465343734393233343335333739396462633761356337386436
6535636235376163336337653438316661343463303735610a353330386330336364393762663163
65343131646332353430343533373263313866666463623339643638313133306130663932313937
3435653835363962310a643130633938333836373537643536383666373438663137656166336238
37316134653837326336346663313732643133656535303339316461353035376666626237396666
62343564323865353466633038376265356264393530646131633363346438356632393663323161
31323763616464323735643436613564363131663438303934393463656331306437313531336163
31386336653535356332343638613236376334666330646438303765313662663831336265343439
34393733323838353632633162366630626335653737666166313935346533343565643665356633
66613531373263303263336163373336666461396239373439343730666533306463373932386337
61393730636531333430316237386235353235366435353637636462343363636238353763383830
61366165346635333935393533653535633136666536373963333566666463303366316163343435
39316162636263383235373331306263383863343833396239303038373565393238373762316138
3934656166663037356561313562356133633664336238613636
