$ANSIBLE_VAULT;1.1;AES256
31383162323233393939633435616231643661386338633166323466336533623762323236323166
3033666133643539653538396664323630613039663865350a633766366664666163633338386230
36323863393666323934366436393230653539313839343565356236393565303531353133333163
6462636230663430610a393436666636666330663638383131376434303461656161323137646364
65666362626664376166613263366436636365313531656664336661323539363063353262333161
33373436363530373832626531666238333065633263386363336165316136326238653065316132
35653961666361353031613363363064363732356238323839636537663934303838646465646635
38363563623363623435323962653539343733643535306632306139646661613961323430396336
65666432373131633934353830313766313339333035643062616538326536376439636562646661
33383961653235613533653837633238623633656434626366653832313963613539613431653036
31303833313038303564666635383337343966636330363965633164613434363336613430306261
62326132653031376338663535343939646432643564663039326366303730316332616436623331
30306266656332633762323864373736623431636332623035626662663063323335653037633637
66663862343638373265666433356265613362373839633664666439643664626232323465656233
30323761316639316433366565666634616666653465313631633839356664623839313631396334
37306564306339313239656237303934306261353132376339363065643062643139626237663637
33363266623263663639356135366365366636313862306661626564353436333535333438663632
64373833346132656561373937353932366164366233356331333238386661386633663130623435
63303334616665626536623131326165616562393164306434326261313631663766653161373332
65303635643533646566656663383231303037356465623965363930386331333261646265623834
30353437303166313934396339376435326539323536616662346639356464623236663365323163
64356130383231633835386432353861303538336438613664306139343666363561376436616261
39633534663933643064353739383835376135656566623735353166646534366164663234383662
33383738323764353339636564666437393939343639613162303639303336636233396364623035
38623730393035383763353136386331346536653832363931383030313063643466663130313235
35616662656230333362663462636562376331363534393635383932303039646662666363363366
34306665646165386664663637616431626132383133393964666164323461363239353964643331
31366135376161333730333131666131353433323364376532353337323261623465323436323565
34313335613735336338313830613061343463663862633161313734616265373039633030336534
61323130333232623235633436613034643135353531393831383562383331313935366637383336
63346632356561313831616430353137363731346564623664393830353435333437356162393063
35343066636665363637626632613437663962636361363530326136323133353562313666663539
31346332656661633336643263386565343937666464306265333764383362616534323330323636
61323866666461396337353439313633643364323830643166353234303933373238383462373633
663361356461323134626539326535613433
