$ANSIBLE_VAULT;1.1;AES256
65633432646364353863656433633033623965306564353661663366616236663464626662626262
3033316134363335633637626165323766663838376330630a326630663365393039386331653561
33663165356631636338393737363366376264623364613334646533313862613862393739343834
6431383931626138610a303138393430323039626234343464643834363733346634353534626364
31613831363439656137663065656330333732326430363061646666636333306131373465633831
30646534376135363438306365373537656636613662376661326435643663333232306136343663
35356233313737376161636234363330333139316266376637316238303436333464643634666631
35396462643265366262383037623035333939646362313264306337646138353062353464626464
33656130623466316332313761643036343137373530396236313766383866336530353862343936
61646638303565356166626535356232313861353066313162366565303463636363356231313536
66353566363136356532313661643633303336383663633762303131303363666265336237303131
65663534646138626566393464333534343538376666663734353364373130636636396365316664
33373233356564303431316361633834333334346536613335653034333032313562373964656166
66633165626633393338646662633662363337666531653364323065353030653636313830623633
64333866663430333336356266643839666337306164653532333832653437313038613936323966
30303261333161336532633335343263323566656463636663346262313563323432316637663131
30363236666561383066303661336665316435353764323862646136386337373635386332346431
3362633633333236633736336162333936353338363663323763
