$ANSIBLE_VAULT;1.1;AES256
33306362363837633934343162326662356661346534636137366130633235353133663233646237
3566373137343537336337323666653635346632663565340a643238333831396334666434333836
63653666386362313833323465303830343134313036633762643663326537373633316261613339
3133386235323837650a663635643465663362623132646137343932336430323837623830393630
38666634313537353731363935663665366665316536383432643230373461633639366163633031
30636661346266376666386564646565653330383039303161643962306330316463666163633664
62656136653933383834396437346637646563323536396535313665396332343562393662643764
37643863306439373231306231613763323437353962356264623862653534633165663831353366
37636132373766363466383430303035643033313238653766613764616633653133326530663935
63613930313139343465663164303261626435626233393536306361613332613539353235316461
34303631656564656534303738663361623232343034396461633531666239376533383663663265
33653334373039373634336538373733316563343764633830303933323638383463373262363763
32363863646265643239303434343864663134366335343033653238303532346266343630343466
6261623430616136663435363561663562313433633132343265
