$ANSIBLE_VAULT;1.1;AES256
64366538303034303538343738386361303539343932306531363935613231393937356137343563
6439666661343431323765666135316139633266386239390a653562656330323936323365326435
34366337643835383664656534386139356332623063633166336631613763343734643863356265
6431363238323739390a373335323561396438663938303635306634343038333664396363626165
63653538633334386262336335623336373738613137383862316130396131613163303133333630
30666234343730643863383533643866323463636366316462653666616664373138393730346630
35643932653035613462643061643837646231386537393437353132363361343165316436653533
65613437353235393530386461363362316636626139363437633061306466323631333438373461
32373063396136633532636634653737346265363661363663313231306335373039363263383739
35383130333232613033626466383238326331363165633962666230626632326361613866666237
61653436303130353132393238393365613766613431336137343033613965343166323165326330
32333865613636386134396237363139663537333237616130363330336462653466363938313830
62366261313761363838336637393961353466386431643530623034376535373866353331366333
33633362376561303037383334383662643161666336353333353865613039363462613962383764
39343836303864373134373639383962663536666566323234373662653938366666373464303834
31633562616533316261326365303034303638333462363931346335333066303362653232656135
63386531373131376261346539306534383631633964306561383439366238626136363264653737
35643866616435353263626638323465623632663735623832313732363637393964343734306333
35353730323962323265303736373136386638313165613764316633613462373035623830656466
36316233323133303962343135326536343364386231653764383833383236333832616134356138
65353238376533653163616366633835656139353362396264346161386565393438313565353137
31323165613462323062633730303737656264623061353937396664363132646564613437343961
64613461373335376232646632373237666537306663623362333763326630636633393132376537
62313336643134636138386237356365396262323439343934656330353564616265383762323432
66323062323238643166626466663734353031383866316636303831323965396462643732643439
34313134333437313538343837373236343164363538623266353932653436646530326635646638
30333339636562626563653134353235643936376433303364373531643035386232326235386538
37346264313764396462633036366361323131353931646332346235613661376434653665623934
35343166353935373161336237396532396562613562323736613765386130623063623565323234
63373864356330336434396264616135363164623938616265326664386237306537623534653832
39383835323032656535366639356166323333636333326135376134633231326263343436396232
35336133376661633936363531363264373864643164383561653536643932313262626334366139
31323134303339323232663734393634666534623832633763653432393861376431343732303631
33346566353139333831313533376366393930643231613765623031386666363762333466393231
33353436623962623537653935396637353462623263336539383636653964373937346334343839
65623434653432666232366363323132353936613139616433383633656262656263303330663462
64343066346465353864323136353566333038666564343865346464393839373735336539613236
31373465613862333635333535633234643766656131666432356363613931366131333133393335
64666637623637343538623932333033636262653830383434323363396430343164333337383736
66666438363363363262336339663333613838303233373838316235623130393533373335643263
31626464383765623731353737306232613333366663663966663032373563396235303136643931
36653261653835306263623163363065303834613865613063386631303265623737306235653637
33383663383564613961306539343565363964646461373033336639343834643866346230333831
31333038646264633231623236613033393031656337376238303630666338333064383035386437
62373437666365316636333337303432646462636231303063363635303762303230343163306230
66393833306431373532376466363364623836643264643433616336363637643939393431343937
66653164306132393065313537303532333763346433366637376363643261633563663031343061
33316638313462636261616438353262616261326130646630393731393963366135626138376663
35613265313664346466636166663931633737643064346230366465306538316162623037653865
61333031373630366261336131313066643765643466386134356265383135343736356262306262
62393066326633366564306561343637303061666462626139626533313032356366323338306438
61323339386262326638383534346564343464636431383564613236613462636666336337326637
37373061626437333233613537303234353537323062656364663736316132613733323830623963
32393362356436636335636463623637643633396563636532383635393661626463383563613664
36306632313864383636316266666466643234363562653266623932393430633139663066396664
36653265376639643431666236613539616436363232613465316232343635336662343136663439
38323864663866666566376162363235356465613338313230396365313437653132353365363565
37363737643661376430633266376230636164346361623066616235383530313130613861643931
65303766666134623938373130653236323733376162353731353066386432373734363932643339
30326436386330323539373731373933616436326663346665656265346566373762363939623935
39646530323764643762366139613737363639353165383764323564333331303864616464343030
30363332366432343238303031626530333938653636333939633066303862303539343665306561
32393065376133316666346430386435626262643534393661333836636233346665383839343931
33613134396136316536336263386339653765663263663433363633386339663362373435636165
65646265386233633733353134653431323663326338616339643730653862343366323066363065
34356332333163613638666261333234623731663337393230306261613839653966643961613536
31373163333839643133303833613164646534323832656135336264626161343433653532343439
30303532306166616438353566643834383962393530336232363434316462326237653039313130
32633832333961663835646234333763333633343632386636623338653731653335363463633966
39623161313263633233313862313432363037343635393261373665373436333763313665366565
37616630666536326431303633343331613336636636376461633166643335656431623239666138
31626566356335326236396537623733653062643465653331326164303431633532386337643865
30313465643765643330313333333938613566376561306131366461663939333466326466396433
61363161333633376436633363613430346439333963386566363030346163646630376231366137
31653961666336363731653966626234336431343365663635353734633537303835643862623635
31336261303362306639316332383830643031356634333134326234353138353633383239363462
31383337393030626138623035643837646166383434663339336338356163386665376536656166
39646163633139616631663362643262656437653039643764666333363736333136623234613266
66313036356239363733646566623438643666613230663634393362353135343164366633393162
62303362366234633864333863303666333563303362663435393563343639323634373830393335
34333165386334626137323863626632643239323537373530623566613364633939623037666435
63656634396135663066383365333233313435616664336337393162666462663938363231383930
31306138363039363664663537313338356466363861643861353832613063373161376263343734
61316430616539343934313135663065643365303939313834363736363133393839306163336264
63326265363434323635363537313766396264313462633465353335376137343339346666353262
32353830623865323162316364343133333139656265616331306562346666636537656533663666
38653761336133613665396337646137636263303535636236343431373535393835323061626139
33663266396131306564666562343266613033663437343265336230326166623833623733346266
65633564396530663634613530613133353732396364353366306630626564616437373434613362
65393230313939653765313136326435386633366438363235383337333334616564633264383863
37383836633461393231633536663137346164343131306463343233633264343134663633303734
66663364626333373562333166643138356161376566666662663333393531373463356635326131
62326462613664333961363664316665333663383134313061356261616361326664393332656436
35626533633632663934346163636535363361333535383066323137636264323463353837656163
63396330316365303138303630366637383732653732373236303433316431666637396462643131
65373033346161303932653338633436333963616130346534653762643938626138346335366231
63303534663063356539386261636161383861393230616363383066396331376166383939633138
65343730383165343234666535383163346662363033393562323162313036656331376632666133
61643165343939313037613030316631623437363236663733663235323463366330616130303332
37303738343163336561653339306564623432356166623266333865616239343133303237396565
61643066333237663066356138613336383930373239633436626665623138613232393530623331
62343931363462633734613662656339366133616535613537653761373263643330623837626636
65363431356162613534613038663461656139666235396635386138666663396362356332616165
38363565316137326234
