$ANSIBLE_VAULT;1.1;AES256
63333462366162643333653933663866383862626335373165623566333137313262663431326534
3939306436616361336634383634623736383366656433310a346565376337663738363631353362
39316331313132653839306463373234373235343131343931333364646339626464313761323033
6136643233303062350a623664613363646331383033653663343630303264303834393435363331
63633436346332613166636462333463336262346337366133626436326336643632666362623737
62363835656136633764356166623563333139346639623933343336313431316636623766353938
66376533366138363565356363613632656234663936336437333939616430393665346161663662
66666134653462373231613035323236373765383564316435336435343734366239386163666636
36356665343939616531643565373566316264346164623065336165383662626332363336633466
37373764303238633261636566636632333264663461616336393038326265363566636162386239
33313566346638646536646531656538336337363966383630653236366237386439376463316466
65626162623562666461626431353732656235383536653266313232393562303039633437663535
37643236343066383465303862663465326638363264396261346666633963373738656339303862
33613834376361373534343938336130336161383963376232653234623437373738653637663735
62333735366430663730353432613035343364633431383164373063323337353666626635303738
65633234343232306630323962386430666565313836373065396332356264386663313030313732
30636133326534323039366135653531346263616630643034373264656463383065656339653764
36666534663063616661343433646335373265653331633030623330373864653765346330353663
31303330646635393333386466636563313834656630313462393662636661333239653433353233
30363532393161316130336465363631353964306238326139396338326333303364323537623663
34373336306137656132393030656231656337353364306335653238656430343962626430353637
32386363653835656533656631353533396132303032306434306130663038626138633032613838
64346165393433393865343262633363656539366166386132666335363238383536663765643537
63393139373733346234623935363730306365383763386637636237633336383530363135343061
30356262373930326131383465353732393432313936643037633535663733383334303534316464
61636339393833303631386566346135363338316461303330353830626434393039633962323262
62636238633631306162626137666363386338313136333237376238613263316434326264626530
62346165373135353234636634626437363335326239313439366138383132636461353765326539
65393637636663633966326237356464386234306266356435393838653139613031333531396539
34353666326166336166316364303064363239343430306533616563633433306233613763326136
33376332376632616134306361336633633962383364656331336161356137386630653865613431
66623063326538353832303033626234613666313965623837666530656333656166643732613034
66356135336362666238376631396635623734353830626431343733383561353632306464306532
30323436396166636266363862363739326630666435376161376261333361383963323732336566
66383436616438653734646135396165653063356430633039323962643334663261373062353432
65656435613962396536343138346538356435393531643430306435383630323937643132373037
64376534313630663463306230656436313937626665656534626531366165313538653138613761
6264346639353863383862333265356262363864316464313461
