$ANSIBLE_VAULT;1.1;AES256
62316263636435393433333730306365616132633265326166346562623730366638316432353166
3437386462646630383739666631363261333336313636650a353261336564336132303664623633
33623838663035633864356564313431636461323231373237626138656662373265643038356562
3330623235643539330a666638393365333135636335303339396664396463306333383162623262
34393137636466646364646233333938306431373164353230326431653234613864356238323362
64353161343139393635343135376631666337323134316466313362656162343563306261303763
36346438393539333763346165336637323937323761336238393461303434333236626139666330
65636337313735386132356530633665626530383232333666346133323238666461633863306639
65373233396435366663653131633338616333613366353866613063663630313062303563636661
61653031616162343033366239653862303863626339383164633639396533326535313538636161
39363862393334346361656363646535366235653932353136343132656538656135373164306231
61613464396633383362376432653433356164666630366433353965393863336232353734636263
32313162323264393563353161666662323235613033373564376664633961633734633532313262
38393239626139306464636434393262613432303435353732636532626530646634343330656433
34313465646330633232303832633164336665363930373431666639383332393230623633663463
33663564636434623235653466376631393733383734636633313661323166316366613764333466
35353966623665313236336533653437363264383265383764306134366131383633663831653832
3236643534343839333439363436656436366338376239323261
