$ANSIBLE_VAULT;1.1;AES256
36653733386166326237613636373366326135396362323166303330386234666633613564346532
3430626538333533653433323135363036636266333732360a306230656631383435633235383565
31346461386338343461386436626332313730346632353261663962356161346163653661376136
6332323939613735610a326237623237656132383833353663653038313939613563363633363362
38303530306262343863343061336539633939336365316166396134653438313236333364306237
62323233623230646466633063633062663832393632356135343161306162633935373534663431
34343332656565323738653936333632613964626332326538366664393138353731363334663766
64346530636463656332633339623038396466383265303439306130666130666161653534393366
32646139623130623466343034643936616631386531613766656430336431306464303964333034
32636161663833333334313139333734326130303333303839633833353563386562316231663133
32346264626161313034303238346232376464326132323938396633343634383161336331633866
66306563323264386439323036363735313833366261373266633739316664343131343266303136
61636333383837333130386131386631653532323932366533363638613936326265376437613535
36303463386434626138346136386332636431363263323039643932396131646433626361313636
66353936313866613330343631653835386162643363303235363033333663656264643866373361
39663333313635383463613435353332383139373361353130663237393966313361653038663931
32393935636639383163616637336533313061323765393165383439613864663264616632303638
3466393135386435306231336438383037323066343537386463
