$ANSIBLE_VAULT;1.1;AES256
39613231303466643463343964616636373630316538373565393736393161303562323766616162
3965376432313838353066613862346432653532343962310a386437643537616633306131343264
32323966613731623062616637626562646135653761326335353333326433373433653533313237
3163316536653338390a623863656161623361313563346538643864356431623733303236316436
30646636353931333536313132303631653964643539373866336634313062376134326263353831
65646665366635303133306433353238626632313439366534353231623730333033396431363639
37306536353162373764303433356234623161383063383837666231353638303133656534636538
65633835363762626536353063373262623963386264366161646666393366393832646136366563
65613939626261376537616265383535313539333237373461633239616632316663643365323866
36356534653231383038623037613032313461353663303864663933626461616230323938643265
36623761393564363363353435343063633963666435643132613736616337613532386435396233
32343134636465623261636232353836656265303439333032353038346663653535653162333865
38646565303533306563323334653630643839363632396164613339656664323766663863343063
31323030363763393530306635376364643236333534333936623733623664316631653164666564
64396562656365323866346366353530643264613630366635613236653564386463616434326433
38383232636263636631653762366533386161333163613836383331336165343036643462393235
61623062653064346161336232373039303762366131633234323031626337613066356266613930
38663136626135666361306135383436333762623734313135333738346330643566333333356662
65623666343130613431366136613966383637373030633762356131323438363830343665383165
63343130623065623435353438306262323238346663336137373566356331626564303932626237
65646162383731653862326261306663343330646435306362653732306336336462
